%YAML:1.0
---
depthShift: -2.5160376248586839e+01
