%YAML:1.0
---
rotation: !!opencv-matrix
   rows: 3
   cols: 3
   dt: d
   data: [ 9.9983809506762444e-01, 3.4030779583042558e-03,
       1.7669258953156946e-02, -3.6884085683050534e-03,
       9.9986292210500138e-01, 1.6141023569810137e-02,
       -1.7611907726798565e-02, -1.6203581704599023e-02,
       9.9971359130811310e-01 ]
translation: !!opencv-matrix
   rows: 3
   cols: 1
   dt: d
   data: [ -7.2070488071412059e-02, -4.1305969856486862e-03,
       2.9897599638148017e-02 ]
essential: !!opencv-matrix
   rows: 3
   cols: 3
   dt: d
   data: [ 1.8302225564493618e-04, -2.9826570872378378e-02,
       -4.6119918072094080e-03, 2.8623460283561365e-02,
       -1.0660561796206679e-03, 7.2578114887284120e-02,
       4.3957536273475772e-03, -7.2046552057059218e-02,
       -1.0903068588778264e-03 ]
fundamental: !!opencv-matrix
   rows: 3
   cols: 3
   dt: d
   data: [ 7.6572940022945472e-07, -1.2452871788713935e-04,
       1.9007830572349040e-02, 1.1978131924860376e-04,
       -4.4518633152917712e-06, 7.6625137720013670e-02,
       -4.6340513401627072e-02, -2.0430648598750556e-01, 1. ]
