%YAML:1.0
---
cameraMatrix: !!opencv-matrix
   rows: 3
   cols: 3
   dt: d
   data: [ 1.0879982761033632e+03, 0., 9.6785801726818488e+02, 0.,
       1.0877589574170195e+03, 5.4773771010640462e+02, 0., 0., 1. ]
distortionCoefficients: !!opencv-matrix
   rows: 1
   cols: 5
   dt: d
   data: [ 7.3571930044068132e-02, -9.1685514787412214e-02,
       5.2020825242328893e-05, -9.2726480411889551e-04,
       -6.9146768188267042e-03 ]
rotation: !!opencv-matrix
   rows: 3
   cols: 3
   dt: d
   data: [ 1., 0., 0., 0., 1., 0., 0., 0., 1. ]
projection: !!opencv-matrix
   rows: 4
   cols: 4
   dt: d
   data: [ 1.0879982761033632e+03, 0., 9.6785801726818488e+02, 0., 0.,
       1.0877589574170195e+03, 5.4773771010640462e+02, 0., 0., 0., 1.,
       0., 0., 0., 0., 1. ]
