%YAML:1.0
---
cameraMatrix: !!opencv-matrix
   rows: 3
   cols: 3
   dt: d
   data: [ 3.4710402780854179e+02, 0., 2.4814278263747531e+02, 0.,
       3.4782827352055375e+02, 2.0794759062892928e+02, 0., 0., 1. ]
distortionCoefficients: !!opencv-matrix
   rows: 1
   cols: 5
   dt: d
   data: [ 8.3548828678049497e-02, -1.3428713776513868e-01,
       2.1792708504005909e-04, -3.6436170984920878e-03,
       -9.6859284609909238e-02 ]
rotation: !!opencv-matrix
   rows: 3
   cols: 3
   dt: d
   data: [ 1., 0., 0., 0., 1., 0., 0., 0., 1. ]
projection: !!opencv-matrix
   rows: 4
   cols: 4
   dt: d
   data: [ 3.4710402780854179e+02, 0., 2.4814278263747531e+02, 0., 0.,
       3.4782827352055375e+02, 2.0794759062892928e+02, 0., 0., 0., 1.,
       0., 0., 0., 0., 1. ]
