%YAML:1.0
---
rotation: !!opencv-matrix
   rows: 3
   cols: 3
   dt: d
   data: [ 9.9995521217455363e-01, 7.3893126556429560e-03,
       -5.9136878020995985e-03, -7.3881695140755434e-03,
       9.9997268396268479e-01, 2.1512716198720473e-04,
       5.9151159054435685e-03, -1.7142619897423091e-04,
       9.9998249085515667e-01 ]
translation: !!opencv-matrix
   rows: 3
   cols: 1
   dt: d
   data: [ -5.1569022082235613e-02, 5.3602522280508588e-04,
       -1.1084807209271233e-02 ]
essential: !!opencv-matrix
   rows: 3
   cols: 3
   dt: d
   data: [ -7.8725783371809223e-05, 1.1084412527497372e-02,
       5.3840048057792595e-04, -1.0779274002114035e-02,
       -9.0749387637206020e-05, 5.1633671241940640e-02,
       -1.5500053858231040e-04, -5.1571574278866723e-02,
       -7.9240115452866831e-06 ]
fundamental: !!opencv-matrix
   rows: 3
   cols: 3
   dt: d
   data: [ -5.3356522038625648e-08, 7.5473531176127623e-06,
       -1.4283786894766649e-03, -7.3291890255529909e-06,
       -6.1989992147677162e-08, 1.4537735437028744e-02,
       4.0258065937475674e-03, -4.4170773434151461e-02, 1. ]
