%YAML:1.0
---
cameraMatrix: !!opencv-matrix
   rows: 3
   cols: 3
   dt: d
   data: [ 1.0479801924431624e+03, 0., 9.8120656124362881e+02, 0.,
       1.0446172312249848e+03, 5.5716192803822162e+02, 0., 0., 1. ]
distortionCoefficients: !!opencv-matrix
   rows: 1
   cols: 5
   dt: d
   data: [ 6.0606011339248346e-02, -1.1660669224232745e-01,
       1.3416165552979293e-03, 1.1250474151533415e-03,
       4.7388943364953362e-02 ]
rotation: !!opencv-matrix
   rows: 3
   cols: 3
   dt: d
   data: [ 1., 0., 0., 0., 1., 0., 0., 0., 1. ]
projection: !!opencv-matrix
   rows: 4
   cols: 4
   dt: d
   data: [ 1.0479801924431624e+03, 0., 9.8120656124362881e+02, 0., 0.,
       1.0446172312249848e+03, 5.5716192803822162e+02, 0., 0., 0., 1.,
       0., 0., 0., 0., 1. ]
