%YAML:1.0
---
cameraMatrix: !!opencv-matrix
   rows: 3
   cols: 3
   dt: d
   data: [ 3.6004058606854420e+02, 0., 2.5715001164854357e+02, 0.,
       3.5837688715186033e+02, 2.0848087265202955e+02, 0., 0., 1. ]
distortionCoefficients: !!opencv-matrix
   rows: 1
   cols: 5
   dt: d
   data: [ 9.4512986892705722e-02, -2.6024844552723692e-01,
       3.9634618695906385e-04, -9.7250140470429055e-04,
       8.4111595787009358e-02 ]
rotation: !!opencv-matrix
   rows: 3
   cols: 3
   dt: d
   data: [ 1., 0., 0., 0., 1., 0., 0., 0., 1. ]
projection: !!opencv-matrix
   rows: 4
   cols: 4
   dt: d
   data: [ 3.6004058606854420e+02, 0., 2.5715001164854357e+02, 0., 0.,
       3.5837688715186033e+02, 2.0848087265202955e+02, 0., 0., 0., 1.,
       0., 0., 0., 0., 1. ]
