%YAML:1.0
---
depthShift: -2.8311065919640708e+01
